Enter input file path : /Users/home/Documents/xcode_projects/hw6_sudoku/sudoku_input1.txt
    0 1 2   3 4 5   6 7 8  
  +_______+_______+_______+

0 | 5 3 0 | 0 7 0 | 0 0 0 |
1 | 6 0 0 | 1 9 5 | 0 0 0 |
2 | 0 9 8 | 0 0 0 | 0 6 0 |
  +_______+_______+_______+
  |                       |
3 | 8 0 0 | 0 6 0 | 0 0 3 |
4 | 4 0 0 | 8 0 3 | 0 0 1 |
5 | 7 0 0 | 0 2 0 | 0 0 6 |
  +_______+_______+_______+
  |                       |
6 | 0 6 0 | 0 0 0 | 2 8 0 |
7 | 0 0 0 | 4 1 9 | 0 0 5 |
8 | 0 0 0 | 0 8 0 | 0 7 9 |
  +_______+_______+_______+
Iterated level0 6 times.
    0 1 2   3 4 5   6 7 8  
  +_______+_______+_______+

0 | 5 3 4 | 6 7 8 | 9 1 2 |
1 | 6 7 2 | 1 9 5 | 3 4 8 |
2 | 1 9 8 | 3 4 2 | 5 6 7 |
  +_______+_______+_______+
  |                       |
3 | 8 5 9 | 7 6 1 | 4 2 3 |
4 | 4 2 6 | 8 5 3 | 7 9 1 |
5 | 7 1 3 | 9 2 4 | 8 5 6 |
  +_______+_______+_______+
  |                       |
6 | 9 6 1 | 5 3 7 | 2 8 4 |
7 | 2 8 7 | 4 1 9 | 6 3 5 |
8 | 3 4 5 | 2 8 6 | 1 7 9 |
  +_______+_______+_______+
