Enter input file path : /Users/home/Documents/xcode_projects/hw6_sudoku/sudoku_input2.txt
    0 1 2   3 4 5   6 7 8  
  +_______+_______+_______+

0 | 4 0 1 | 0 0 5 | 2 0 0 |
1 | 6 0 7 | 3 0 0 | 8 5 0 |
2 | 0 5 3 | 0 7 0 | 0 1 0 |
  +_______+_______+_______+
  |                       |
3 | 0 8 0 | 2 4 3 | 0 0 0 |
4 | 0 0 0 | 0 0 9 | 0 0 1 |
5 | 0 0 4 | 8 0 0 | 0 0 2 |
  +_______+_______+_______+
  |                       |
6 | 3 0 0 | 0 0 6 | 9 0 0 |
7 | 0 0 0 | 0 2 0 | 5 0 8 |
8 | 0 7 0 | 9 0 0 | 0 0 6 |
  +_______+_______+_______+
Iterated level0 6 times.
    0 1 2   3 4 5   6 7 8  
  +_______+_______+_______+

0 | 4 9 1 | 6 8 5 | 2 7 3 |
1 | 6 2 7 | 3 9 1 | 8 5 4 |
2 | 8 5 3 | 4 7 2 | 6 1 9 |
  +_______+_______+_______+
  |                       |
3 | 1 8 9 | 2 4 3 | 7 6 5 |
4 | 7 3 2 | 5 6 9 | 4 8 1 |
5 | 5 6 4 | 8 1 7 | 3 9 2 |
  +_______+_______+_______+
  |                       |
6 | 3 4 8 | 1 5 6 | 9 2 7 |
7 | 9 1 6 | 7 2 4 | 5 3 8 |
8 | 2 7 5 | 9 3 8 | 1 4 6 |
  +_______+_______+_______+
