Enter input file path : /Users/home/Documents/xcode_projects/hw6_sudoku/sudoku_input3.txt
    0 1 2   3 4 5   6 7 8  
  +_______+_______+_______+

0 | 0 0 4 | 7 0 0 | 0 0 0 |
1 | 0 0 5 | 6 3 0 | 4 1 0 |
2 | 0 0 7 | 0 0 1 | 0 0 2 |
  +_______+_______+_______+
  |                       |
3 | 2 0 0 | 3 8 0 | 1 5 0 |
4 | 0 1 0 | 0 7 0 | 8 0 0 |
5 | 0 0 9 | 0 2 0 | 0 0 0 |
  +_______+_______+_______+
  |                       |
6 | 0 0 2 | 0 0 4 | 0 6 0 |
7 | 3 0 8 | 0 0 0 | 9 0 5 |
8 | 9 0 0 | 0 0 3 | 0 0 0 |
  +_______+_______+_______+
Iterated level0 8 times.
    0 1 2   3 4 5   6 7 8  
  +_______+_______+_______+

0 | 1 2 4 | 7 5 8 | 6 9 3 |
1 | 8 9 5 | 6 3 2 | 4 1 7 |
2 | 6 3 7 | 9 4 1 | 5 8 2 |
  +_______+_______+_______+
  |                       |
3 | 2 7 6 | 3 8 9 | 1 5 4 |
4 | 5 1 3 | 4 7 6 | 8 2 9 |
5 | 4 8 9 | 1 2 5 | 7 3 6 |
  +_______+_______+_______+
  |                       |
6 | 7 5 2 | 8 9 4 | 3 6 1 |
7 | 3 6 8 | 2 1 7 | 9 4 5 |
8 | 9 4 1 | 5 6 3 | 2 7 8 |
  +_______+_______+_______+
